=~=~=~=~=~=~=~=~=~=~=~= PuTTY log 2021.06.09 18:52:43 =~=~=~=~=~=~=~=~=~=~=~=
30.064543
31.280184
30.064734
31.280102
30.064734
31.280102
30.064722
31.280090
30.064722
31.280090
30.064714
31.280102
30.064714
31.280102
30.064665
31.280130
30.064665
31.280130
30.064632
31.280151
30.064632
31.280151
30.064608
31.280169
30.064608
31.280169
30.064596
31.280188
30.064596
31.280188
30.064686
31.280191
30.064686
31.280191
30.064676
31.280155
30.064676
31.280155
30.064690
31.280127
30.064690
31.280127
30.064726
31.280107
30.064726
31.280107
30.064770
31.280087
30.064770
31.280087
30.064775
31.280046
30.064775
31.280046
30.064816
31.280029
30.064816
31.280029
30.064844
31.280012
30.064844
31.280012
30.064898
31.280025
30.064898
31.280025
30.064909
31.280018
30.064909
31.280018
30.064938
31.280008
30.064938
31.280008
30.064959
31.280001
30.064959
31.280001
30.064959
31.279985
30.064959
31.279985
30.064949
31.279968
30.064949
31.279968
30.064930
31.279882
30.064930
31.279882
30.064934
31.279871
30.064934
31.279871
30.064930
31.279858
30.064930
31.279858
30.064938
31.279858
30.064938
31.279858
30.064913
31.279829
30.064913
31.279829
30.064888
31.279797
30.064888
31.279797
30.064863
31.279760
30.064863
31.279760
30.064844
31.279728
30.064844
31.279728
30.064827
31.279688
30.064827
31.279688
30.064816
31.279659
30.064816
31.279659
30.064812
31.279646
30.064812
31.279646
30.064791
31.279613
30.064791
31.279613
30.064747
31.279585
30.064747
31.279585
30.064693
31.279558
30.064693
31.279558
30.064657
31.279530
30.064657
31.279530
30.064672
31.279459
30.064672
31.279459
30.064640
31.279436
30.064640
31.279436
30.064629
31.279408
30.064629
31.279408
30.064604
31.279375
30.064604
31.279375
30.064604
31.279358
30.064604
31.279358
30.064596
31.279337
30.064596
31.279337
30.064608
31.279322
30.064608
31.279322
30.064632
31.279308
